Id,SalePrice
1461,128178.65632994837
1462,160781.95243481308
1463,176548.23651167154
1464,182913.70948531048
1465,188721.49150371487
1466,177216.9265745214
1467,170984.46556476297
1468,164858.25892666812
1469,184438.7167872417
1470,127171.71453042066
1471,194858.72240793862
1472,93684.63581843152
1473,92862.96445935266
1474,156201.43624356017
1475,134069.78898660952
1476,362871.0667178553
1477,259346.53312830653
1478,292731.8274847969
1479,232670.00806898164
1480,602260.9434648799
1481,333453.39286347124
1482,212456.70603396822
1483,164467.8416035505
1484,160964.72288931446
1485,172898.01630253874
1486,189390.5246562839
1487,337827.83885374607
1488,231084.9699476121
1489,205954.7257753029
1490,201587.4960785462
1491,191091.03454593063
1492,78522.30532650993
1493,192602.10443458398
1494,285581.930736198
1495,297742.4084206362
1496,223358.54263370205
1497,184615.89805397374
1498,157610.56345255193
1499,159643.66586704834
1500,143769.86534237704
1501,165112.82876009887
1502,150571.68194194773
1503,309301.6782540925
1504,230429.75012896268
1505,222624.140933322
1506,185787.99362427156
1507,238774.07259697778
1508,191424.26009087602
1509,160210.2584533856
1510,146808.27846232706
1511,142168.4637891308
1512,176884.41584618576
1513,149528.36036422083
1514,176058.0440277303
1515,190879.36107396317
1516,165529.93809074766
1517,160503.36808768666
1518,136313.25976139127
1519,226007.97357732808
1520,131792.76542596216
1521,133971.98251685154
1522,170514.95322275037
1523,109317.62569377672
1524,126234.51218192893
1525,127344.69670802083
1526,125576.26127597189
1527,104390.21017944574
1528,131503.0749932609
1529,149002.89754921076
1530,171725.3735887708
1531,76852.88518094405
1532,102904.61489887952
1533,142580.7958820199
1534,120641.404001502
1535,156371.450585836
1536,116326.92668676407
1537,73406.79111553355
1538,182985.09124671726
1539,201241.7140262605
1540,83899.77118110901
1541,135248.72183733017
1542,134148.16875302818
1543,231519.64468804398
1544,77419.27218785875
1545,115368.5294756048
1546,129930.57134707188
1547,130359.04171616647
1548,143162.88332706952
1549,120906.29442525993
1550,141857.3654643468
1551,112101.50089219603
1552,135268.18243700618
1553,154953.68822302175
1554,110568.90881742381
1555,159425.22720099773
1556,71169.38736522634
1557,108733.435956691
1558,87575.55273901421
1559,81392.91669007468
1560,131795.32657567694
1561,135815.47203370885
1562,128856.50109518252
1563,119922.63641152429
1564,152165.47458994907
1565,149292.7544986241
1566,212875.70480361674
1567,76389.08521989931
1568,214322.63185549318
1569,127089.08589507875
1570,131999.02335190627
1571,125282.50170460403
1572,150113.4727560394
1573,243216.0501869415
1574,113301.16012014638
1575,211770.21395361124
1576,227240.80908630832
1577,190766.2478836334
1578,151584.47358558243
1579,154298.24214461405
1580,191883.7032912043
1581,155566.93359943532
1582,126507.48157095112
1583,342832.9927192144
1584,231512.36721109686
1585,139946.34326289303
1586,72524.58415928025
1587,93526.9113730322
1588,148676.74303419743
1589,97978.39925543129
1590,132277.1336929739
1591,93656.21605478511
1592,109358.24210537419
1593,134890.5865566864
1594,126639.46730964934
1595,108363.33145120308
1596,250060.0139452578
1597,192884.43223778403
1598,201277.97520919942
1599,193604.7597043367
1600,186345.38390437825
1601,75079.12638116682
1602,107437.95918427201
1603,60836.967840451136
1604,270378.8450589301
1605,239080.37687880427
1606,166610.63471458814
1607,141650.72321134905
1608,213119.67274836582
1609,189247.19934708014
1610,144483.43986806952
1611,144290.2948873642
1612,163008.48692389674
1613,154488.98137149058
1614,122400.94581068834
1615,88341.74219748989
1616,65153.165856102074
1617,91635.59818233609
1618,127769.21826214844
1619,147175.17333494002
1620,146824.6546113079
1621,130902.67910501985
1622,143320.2784283136
1623,298752.56946820026
1624,205944.02133399606
1625,131617.87269573126
1626,163710.52539290613
1627,184979.7972909577
1628,284396.06587029767
1629,176672.344117979
1630,418489.2379774012
1631,226289.03146934306
1632,238121.0397405468
1633,164099.43059667124
1634,181263.0257437716
1635,182218.3545331456
1636,155043.59576141083
1637,187186.41865201283
1638,208743.46461854118
1639,181093.18162383727
1640,252163.15189187546
1641,177969.4088658077
1642,213249.76438390964
1643,217417.5253389151
1644,222488.332933214
1645,195867.5126571673
1646,154240.77189830883
1647,162393.59800043714
1648,132630.09884341992
1649,138338.43176963573
1650,120199.20368909575
1651,122394.35404729503
1652,95547.3627001986
1653,93786.25571839564
1654,148983.90621111233
1655,152544.04294143466
1656,150583.12036815617
1657,150554.22597554358
1658,148319.57662201757
1659,137106.92904807915
1660,152592.76016613643
1661,467259.1948042256
1662,402811.5010115389
1663,380135.1747189258
1664,507311.3595205323
1665,291830.3872528765
1666,315145.6259329278
1667,360193.61644059204
1668,329450.85964188917
1669,301348.90483100485
1670,346351.9256857066
1671,253339.5380532637
1672,548491.7883698157
1673,296008.3488474873
1674,245484.37054452513
1675,180495.84343339517
1676,183574.82123329653
1677,219330.56961725358
1678,524762.5282235033
1679,428388.1349463091
1680,335739.9665632334
1681,270003.88325014757
1682,287103.129170652
1683,175152.54921903543
1684,168695.37641356178
1685,167393.69716635754
1686,166983.42553064929
1687,161250.17920432726
1688,180661.30379777768
1689,185983.08674344965
1690,187097.14339742577
1691,176717.94829847798
1692,269406.2941889293
1693,159730.87233967736
1694,178346.63595086336
1695,165455.18140471482
1696,276735.61678725114
1697,166841.91283091088
1698,368903.68002686446
1699,320444.62369716493
1700,252089.90031372104
1701,260756.8833965183
1702,243603.11256348903
1703,244439.9522733231
1704,305231.4199397276
1705,219639.22371863216
1706,479699.2634324155
1707,217068.08566238533
1708,202823.90725269204
1709,297417.0831141269
1710,214572.1616747691
1711,240024.6455106592
1712,232516.2123238542
1713,254815.65983622769
1714,219401.96997899574
1715,207279.31653779343
1716,173013.1020730309
1717,169313.38314321797
1718,137326.65562489114
1719,200811.83321037356
1720,246012.5618922889
1721,162894.38341893617
1722,133244.03786874388
1723,154003.14376166934
1724,216527.69785086164
1725,252010.38200707
1726,186869.48589532406
1727,150531.33372755727
1728,173083.1880259214
1729,162131.23384055757
1730,173536.57117053505
1731,118432.80187677358
1732,135717.6377028286
1733,119119.71666606727
1734,119561.03066735815
1735,132951.66199585117
1736,116260.90453654475
1737,356764.46565915016
1738,214107.3414106786
1739,290762.45664012176
1740,214577.22210633053
1741,194539.86121763743
1742,165837.37611458707
1743,172299.19274246486
1744,296769.1550050812
1745,212756.70769646965
1746,218271.7433126822
1747,217912.75670369522
1748,228679.88007984727
1749,145797.09203421953
1750,128768.20113152583
1751,247179.28031711574
1752,121485.66882392678
1753,148935.93351888584
1754,210774.8510854126
1755,162864.9823207135
1756,135445.86767627744
1757,122749.63366999415
1758,154964.21581664804
1759,158923.64159625216
1760,171549.3334933888
1761,142364.16439003465
1762,177090.1013886207
1763,180413.7128514708
1764,113782.90170094829
1765,169254.65296582197
1766,174751.82590306585
1767,216254.29669768532
1768,143539.12452910567
1769,173224.87423863364
1770,146604.6526209333
1771,136168.96668875177
1772,139890.0131253341
1773,126310.37783017648
1774,108340.31174404957
1775,138461.16790923066
1776,127326.92457188501
1777,115370.82743103482
1778,141380.1918536767
1779,108864.62150416567
1780,172041.48653378402
1781,134132.87973393474
1782,97418.93743941394
1783,130348.71741315824
1784,98817.86221636538
1785,113883.68866923988
1786,158098.4486751073
1787,165350.66088301636
1788,55396.8758231423
1789,105386.93773462465
1790,89045.60351950787
1791,179669.6675371075
1792,154606.5689416792
1793,120921.68282589297
1794,142203.1444899833
1795,132197.87675648136
1796,119677.73049939037
1797,117829.5596115016
1798,123702.73028825631
1799,113451.75700830168
1800,137439.04815702455
1801,129586.07688313838
1802,144435.50352649222
1803,152049.1600854806
1804,140665.76481467922
1805,135989.95835905208
1806,115654.85030235424
1807,125053.08915389971
1808,126686.30322986233
1809,117658.20937639126
1810,142947.2841615818
1811,90565.54676860258
1812,93852.2562234339
1813,118429.84330941454
1814,95792.40092242579
1815,50794.053098887685
1816,91990.20375910895
1817,106077.36763467334
1818,134575.75183863193
1819,121014.61081430767
1820,62852.76415715843
1821,103883.20922471887
1822,151082.82198195913
1823,49321.61658198732
1824,132984.64657172843
1825,130959.4104804512
1826,94117.35974154291
1827,108122.39930110087
1828,144602.88700855902
1829,121462.63625051295
1830,140630.54140563533
1831,175256.89253746392
1832,70654.55731644851
1833,139939.22124050627
1834,116580.74145197633
1835,139186.25636512428
1836,122538.63147907321
1837,96193.37019617397
1838,128151.68732090273
1839,80773.68202718128
1840,158929.94443142618
1841,140805.72521609836
1842,65524.86473223728
1843,138940.35243263934
1844,136090.4916176056
1845,135779.61831814214
1846,153090.72658331302
1847,154180.1839671983
1848,53998.21718130577
1849,123798.5749198089
1850,123902.99639946075
1851,156603.7456199324
1852,124187.99381612695
1853,124841.11775339421
1854,168223.97192738438
1855,131260.31954945496
1856,216665.73346346547
1857,149794.50176011326
1858,132186.57078868017
1859,123837.63061990034
1860,149020.61895430318
1861,123862.27839933214
1862,312001.2615282539
1863,314123.61722323817
1864,314122.5836183429
1865,344684.82516789704
1866,334661.05811771227
1867,246843.7981482096
1868,301046.8336681991
1869,198986.35666099098
1870,265132.6015045392
1871,240342.0506947433
1872,167233.36527906387
1873,226235.96921552625
1874,137393.41915514454
1875,202841.4520080338
1876,191658.89640492614
1877,215853.5705007412
1878,201332.89524908437
1879,133293.8332723736
1880,134580.7084957356
1881,243096.61411582446
1882,252420.68107776053
1883,192716.748900732
1884,204219.0317466457
1885,261902.65178606368
1886,299349.0628349105
1887,215481.88701888346
1888,295599.6347023809
1889,159992.06198627022
1890,128020.94022895631
1891,131417.0528706843
1892,104874.17441548013
1893,125682.48279672083
1894,130311.2659378565
1895,134505.0925746364
1896,122835.69327714565
1897,103437.33317423481
1898,108834.60812945168
1899,159755.69380021663
1900,156405.7064705916
1901,173406.37322148448
1902,146360.62472693273
1903,222014.1669521755
1904,145164.74017340058
1905,198514.79753539508
1906,175669.5285667184
1907,208613.92339132063
1908,113499.45332523559
1909,136134.5930910043
1910,123255.73413791442
1911,215835.6106681573
1912,313672.3954284671
1913,155330.44014448678
1914,76645.5098350203
1915,302665.8299172204
1916,47094.08773743808
1917,264001.98893520643
1918,137181.02642028985
1919,158229.54900185546
1920,145479.83929182444
1921,437345.4883951501
1922,321333.4577714547
1923,212995.34005800646
1924,219934.8079158161
1925,213289.74179606678
1926,381759.89553535386
1927,142629.34366467135
1928,161505.98123758595
1929,124423.36972133676
1930,132380.09216241684
1931,139453.25707411222
1932,133705.36077889323
1933,182596.6524715989
1934,177340.4994717072
1935,171641.1385270128
1936,182553.14121877422
1937,181648.274305214
1938,177217.877124131
1939,235488.04098359976
1940,189387.38670062402
1941,170456.05915762583
1942,178642.4095238254
1943,209245.67281501
1944,335987.2885759493
1945,388082.6502099
1946,142249.28723614468
1947,314538.9039348323
1948,179743.7427672073
1949,222740.6017634857
1950,177114.68033888325
1951,266600.01331017225
1952,217168.29236490233
1953,162862.2492933308
1954,189760.77066618434
1955,130521.27778183008
1956,320466.6154975443
1957,159265.03574792712
1958,317056.8922348072
1959,133397.46831608663
1960,119695.0922043628
1961,116057.93657259629
1962,97201.97879130878
1963,104642.46214756562
1964,102943.48771258512
1965,143712.61752015498
1966,149772.72502541295
1967,289587.75539411156
1968,464779.9529279386
1969,396304.8800407361
1970,503668.9048524463
1971,445565.8289568099
1972,403776.89028526616
1973,269823.44593419717
1974,313602.6780697249
1975,518749.05966120993
1976,277029.8104217797
1977,331346.88707753096
1978,330408.3254932387
1979,338216.0244257455
1980,187202.36123711226
1981,352740.59929424315
1982,237217.36186793025
1983,215891.1708481382
1984,166267.63371206762
1985,219536.281272915
1986,216227.63748031147
1987,175234.98025675537
1988,173224.58389870607
1989,189338.66280914118
1990,219531.83866720763
1991,250434.79374644608
1992,207425.61842757062
1993,168830.5261495353
1994,242303.27057074054
1995,182848.88294933812
1996,244725.11158748408
1997,302165.2629246137
1998,360568.6078345885
1999,259706.10837842984
2000,305394.4423177535
2001,259769.6004995898
2002,236453.5613615815
2003,240647.16178480137
2004,264940.97282306256
2005,216336.63209947982
2006,238029.4513551935
2007,240481.61397643053
2008,222359.01566916483
2009,186462.7242361917
2010,193356.87647025177
2011,142956.13630501396
2012,173417.6902732085
2013,180666.273545134
2014,183760.21169077064
2015,204867.92285294618
2016,188039.57650561136
2017,198753.49699943082
2018,121800.21715719352
2019,131949.63243734243
2020,97696.87414351609
2021,113668.11936863724
2022,175898.45880659096
2023,133874.95583302208
2024,215273.9789863101
2025,428929.5302706166
2026,173318.4094754363
2027,144128.8456932076
2028,150269.05597852654
2029,168383.3324373823
2030,274747.9280974117
2031,258864.08681187808
2032,273759.6726607312
2033,279973.99619887426
2034,162137.33978442888
2035,207248.52355379853
2036,188949.3548387572
2037,195379.59298781448
2038,321876.67989564454
2039,241137.40139787737
2040,384586.6987182284
2041,255323.3511297322
2042,200301.6886023687
2043,170635.2939564076
2044,172940.6791635839
2045,215735.41910260724
2046,137154.82960686117
2047,146943.15709347345
2048,135156.8037624294
2049,123617.74073148442
2050,183003.1212172173
2051,107528.8860704373
2052,133933.29838513487
2053,150120.00269053012
2054,79513.8921411666
2055,158125.27589925588
2056,132135.8835941448
2057,122622.14220535956
2058,225354.17810226406
2059,131594.5550702051
2060,165875.65180175335
2061,178135.7485702135
2062,132203.47519352613
2063,113242.4547429967
2064,139938.79648833474
2065,121509.30622598926
2066,167398.61572496334
2067,109123.3777299242
2068,120743.5006904282
2069,82978.45955303263
2070,109293.69615638026
2071,89084.82219767733
2072,137606.15635360224
2073,142037.51739703017
2074,183834.52142671216
2075,146678.50803440346
2076,126638.22249358919
2077,152511.70692735983
2078,133339.19036924822
2079,129585.22155506855
2080,113273.47635677877
2081,122856.21765364874
2082,119116.12584970762
2083,142941.64488172467
2084,115063.34757930167
2085,119895.35960501096
2086,134919.59856071038
2087,116257.40843277248
2088,94030.20856932193
2089,71435.41955695102
2090,133552.04357608018
2091,122905.55594579956
2092,119334.32679305156
2093,107456.58155631225
2094,132368.87397142098
2095,148366.48095054537
2096,77230.96528228465
2097,93150.26992240804
2098,149263.0642748113
2099,56783.098667427745
2100,79141.32574479117
2101,121552.4286535416
2102,126026.08329104618
2103,101428.40144588218
2104,121223.96226293186
2105,120995.66558986518
2106,63658.31204919146
2107,245738.10450683226
2108,112029.62971397428
2109,112443.49748311438
2110,132588.84024764382
2111,154318.01418903796
2112,138535.61101380974
2113,117383.11498383347
2114,105127.51437500278
2115,161915.0857933212
2116,129148.49096462756
2117,156856.39012546264
2118,123042.89600197224
2119,98808.46162456699
2120,108896.37547272796
2121,101104.34911348752
2122,107255.35092103064
2123,88975.96954449193
2124,174786.23294067377
2125,120271.58008901558
2126,155936.4176596986
2127,148844.9735659791
2128,116608.86063044882
2129,88379.26855672734
2130,139447.51533873903
2131,158452.90667288553
2132,114064.77178867992
2133,123571.53929284499
2134,117619.91743379139
2135,95387.16491403915
2136,67322.86201782945
2137,111350.57101025713
2138,134251.7146450137
2139,155894.40430154887
2140,138467.0229635471
2141,138114.9125566223
2142,126432.83964523979
2143,143098.61743454364
2144,113856.17919030847
2145,136395.25306121126
2146,166808.54769753412
2147,127382.45563403289
2148,135981.78180844727
2149,147596.2453161329
2150,218950.16326530027
2151,109308.051294517
2152,188213.57123879084
2153,181933.74083412884
2154,104700.60423807133
2155,137643.1928276074
2156,245037.04583270388
2157,226547.5676870682
2158,247227.66930045953
2159,216198.66656686502
2160,162281.7523973371
2161,236344.37201209625
2162,475321.3843244666
2163,347058.02470798965
2164,247333.66053826845
2165,194044.18353146347
2166,142658.60245209408
2167,223664.60375220477
2168,198250.53132901504
2169,194925.10237557517
2170,214113.16789959476
2171,150412.6029315135
2172,139112.06384205093
2173,159389.9891852399
2174,237778.6729793553
2175,327499.16376152344
2176,315417.87278501346
2177,247831.77440584658
2178,206794.33096261436
2179,139776.86248399763
2180,226980.9824636756
2181,190996.64045352238
2182,209541.0966109843
2183,186442.2460878371
2184,128108.143455147
2185,117346.35993724756
2186,136693.488570338
2187,153675.9692727551
2188,154041.61594890067
2189,235109.14638239716
2190,78892.85930322713
2191,82701.10327759
2192,97757.47297871232
2193,101660.41471246217
2194,100298.98606507944
2195,113321.97876971713
2196,99359.5987790059
2197,110341.90914127686
2198,164368.373353825
2199,181093.40278052347
2200,141912.1498133416
2201,145082.59491879118
2202,217853.1431097927
2203,157906.89669903088
2204,190056.62633460245
2205,107980.59284639146
2206,139444.74542178883
2207,218532.5896295536
2208,273793.5416472193
2209,217445.90047474424
2210,121519.78949738659
2211,127419.80774132063
2212,113487.05249147436
2213,101783.81773178533
2214,123661.5803555638
2215,102424.65199464755
2216,141419.7905701078
2217,92623.15563250029
2218,53762.68102469704
2219,73449.77409778253
2220,68291.87345611135
2221,303875.9501012016
2222,233745.24855728238
2223,259135.8313772966
2224,212339.13069334786
2225,131921.48167467653
2226,185749.93924300195
2227,190127.95010600612
2228,261973.08024734072
2229,239936.6608028411
2230,146914.02777393797
2231,219626.91866388047
2232,176779.20178949606
2233,161426.3413049057
2234,236006.3339513716
2235,210580.22302397806
2236,276374.09305985644
2237,346614.8336892825
2238,202927.12977245898
2239,125455.70452567388
2240,156876.163145237
2241,168388.73792369707
2242,129774.5033419988
2243,127954.94683739063
2244,105584.27134366981
2245,105147.63605401326
2246,146367.44346842874
2247,113853.84561511247
2248,126441.86298152726
2249,128889.30771549433
2250,138378.32948284282
2251,92319.8081752235
2252,185322.55742722275
2253,155560.86720956757
2254,175339.57777808385
2255,190349.10742017627
2256,189100.35565640123
2257,201471.75195820894
2258,173351.53312174225
2259,175381.35987299375
2260,152250.55472607206
2261,194699.10803589996
2262,213759.98835906445
2263,346432.4262291394
2264,465167.5802075705
2265,197108.13130910107
2266,295541.5218561419
2267,393308.19673981407
2268,382306.9294644068
2269,146250.18782922236
2270,190007.784253688
2271,225580.38402343245
2272,197580.22102788137
2273,160221.51499376335
2274,167593.85235121974
2275,169959.54708485334
2276,184492.00764961174
2277,185125.55781175618
2278,144638.6551547121
2279,122202.38160463511
2280,123869.34213918648
2281,160097.2663673238
2282,179210.80979117056
2283,102475.41479384275
2284,99893.04559529136
2285,155536.9452000099
2286,120801.49657220524
2287,356136.25605287985
2288,255219.45691730318
2289,419511.3869385263
2290,471762.9405276016
2291,314868.99910799257
2292,419264.4281816477
2293,544460.7482877932
2294,464681.9745143659
2295,470477.15382033185
2296,270331.61322817917
2297,307124.95981926227
2298,295463.27655620326
2299,402154.681649012
2300,352517.89691034355
2301,255911.1128632386
2302,239382.00506019127
2303,241328.31184034518
2304,236208.38207762502
2305,169822.6686798996
2306,166491.45972118774
2307,177887.50588520704
2308,220527.1828288394
2309,278473.31737659243
2310,218618.07489240798
2311,197652.04636557313
2312,172227.87496839085
2313,170478.09443332127
2314,173069.0735939624
2315,172508.1025369851
2316,191657.82746945956
2317,176826.8127148953
2318,170421.8316015032
2319,173484.14884016343
2320,203010.0027013428
2321,243411.08809068572
2322,172441.40945638594
2323,181844.65046725931
2324,163874.22016248823
2325,205076.96533031214
2326,160965.00629887788
2327,219559.08511551173
2328,231856.31736120314
2329,181338.2508217036
2330,173567.60526927008
2331,376096.2023937592
2332,456203.0511800956
2333,325172.2729952968
2334,252150.54530895708
2335,252683.43126995495
2336,349176.42924995814
2337,215215.3640704717
2338,298170.7141243221
2339,211268.74239791709
2340,392950.19784959796
2341,211088.29316952673
2342,225664.92203885413
2343,222824.5533344
2344,229158.05246431017
2345,221638.76629690581
2346,223985.9960663409
2347,199980.4184009914
2348,229322.97436025608
2349,175686.2794945602
2350,278319.9375395275
2351,237634.04035622644
2352,238344.9874200889
2353,220234.33374237933
2354,134969.9660590689
2355,150137.0356491187
2356,152105.3067280707
2357,189595.5843048738
2358,187743.84313151118
2359,125429.84011962984
2360,110885.29690108587
2361,142237.9234157688
2362,264414.7438783125
2363,143606.69552669607
2364,164473.11005203275
2365,228135.95637989786
2366,199810.3841638145
2367,221175.74536350212
2368,205303.17431896063
2369,212252.13029689243
2370,169701.08884836658
2371,171992.17119012756
2372,189364.45653020008
2373,268742.9565227636
2374,302346.9590817978
2375,265917.0290827612
2376,279427.56500573584
2377,382258.59975089214
2378,141970.92039001654
2379,188008.65598719625
2380,142126.39973522405
2381,156372.96983554296
2382,193042.02148706862
2383,196479.35885221677
2384,248800.81469838478
2385,159388.70258074714
2386,135617.95906220537
2387,136085.88325944674
2388,99801.90520261794
2389,127234.62533311697
2390,148599.55675961293
2391,140940.9238326417
2392,114939.08277163183
2393,169932.20979864983
2394,146747.41464818805
2395,217453.66772000442
2396,131965.64024754392
2397,213322.38085546906
2398,141104.91702596267
2399,54593.689890707334
2400,56329.91386654849
2401,111414.91355584866
2402,140415.56100127802
2403,137023.47663066466
2404,141930.94396507984
2405,155538.99442527018
2406,143136.6006995074
2407,127844.76798782719
2408,143002.91083391858
2409,124648.25614734841
2410,165778.72171343342
2411,123300.9352141791
2412,155013.41791016777
2413,130402.45315412857
2414,134957.99043415056
2415,129771.2784509457
2416,131669.5173917943
2417,129914.28030615847
2418,128944.18417158438
2419,120050.288782511
2420,124350.61360936149
2421,145140.42239368637
2422,117487.96936936062
2423,123461.11040470761
2424,157576.0035041763
2425,238590.98820912442
2426,134841.583171927
2427,129480.41310822467
2428,176650.83190025686
2429,119885.58334203882
2430,130661.18350545777
2431,108576.66834046225
2432,148546.44919677687
2433,147555.34512886015
2434,137405.84857967062
2435,143681.84237468956
2436,106431.67050352314
2437,106927.80675339086
2438,121083.11506938204
2439,103934.85219582393
2440,115936.83918731516
2441,96422.78317029208
2442,101409.744913127
2443,119288.16123753633
2444,123904.61706375769
2445,69726.08124770099
2446,122769.08353479882
2447,168640.31458200322
2448,139459.75877409396
2449,101331.11258146621
2450,139479.8097330238
2451,119747.98077235007
2452,207806.2614893149
2453,96175.85171293971
2454,120860.5574752304
2455,119763.98960039217
2456,130083.01095168218
2457,131346.7168168176
2458,121891.61672120327
2459,103910.65309856017
2460,137779.84983702248
2461,112966.81753787486
2462,137885.65954141057
2463,127432.22637794644
2464,166119.66798667793
2465,131745.85640654954
2466,102598.26418734905
2467,136295.6561906467
2468,65129.253839977515
2469,59395.44280187161
2470,180027.6299831853
2471,221456.12300207562
2472,155635.2900978372
2473,114750.70003745219
2474,80325.93405524918
2475,221826.18920482916
2476,108381.38459859818
2477,124549.88037493001
2478,150540.08392457693
2479,96357.2995032475
2480,155616.28659786916
2481,123575.22403300223
2482,126737.58381805566
2483,112626.98474536605
2484,119470.14571340667
2485,123626.14651603217
2486,154691.470721884
2487,179952.6806410642
2488,155275.98552617393
2489,154617.80638024776
2490,153332.31454989896
2491,94013.82968878462
2492,175132.53418097575
2493,141351.3457174001
2494,152913.97152552666
2495,85121.71663236634
2496,233055.64701325478
2497,149351.33209434792
2498,112848.71986543373
2499,89841.21810511326
2500,120872.94497086761
2501,134158.54419643298
2502,150053.62636310657
2503,84414.34680448801
2504,167874.0111521434
2505,231127.2864980099
2506,247971.41327650793
2507,280705.99804831133
2508,248718.46624798205
2509,203436.92297912555
2510,216284.8563489798
2511,176301.72626488068
2512,209104.27902401457
2513,210034.6448523368
2514,260400.2475515051
2515,148090.28415256826
2516,162246.214441261
2517,135830.9122942131
2518,153610.74145663573
2519,223966.03421138378
2520,204463.60013834084
2521,190134.112240623
2522,224883.802439033
2523,127126.21658942012
2524,137458.09518508485
2525,141472.80178675565
2526,133469.1358468317
2527,108010.03620531729
2528,131823.95433146835
2529,131626.35348332705
2530,119084.10180287741
2531,246923.54773948612
2532,227398.72190381004
2533,194111.89899137523
2534,228593.65035656327
2535,330437.69439643645
2536,231979.41021503945
2537,243655.44346280833
2538,175477.20391916012
2539,182549.08607617454
2540,168741.18179330794
2541,174204.7365226498
2542,157990.2073929459
2543,130335.89994265017
2544,123561.37769769519
2545,132404.14041934727
2546,123213.66120197624
2547,136810.40404522725
2548,150698.4009656856
2549,152030.75428546118
2550,693370.8127872356
2551,132943.83766281017
2552,121968.07036319548
2553,69972.44831248945
2554,107440.68652082131
2555,119239.68191130372
2556,102719.2022328615
2557,112415.08603818009
2558,167997.57643630105
2559,134848.34794798392
2560,142214.31471944804
2561,147263.71216561532
2562,132098.4966235927
2563,150421.28177618186
2564,195119.9584323892
2565,148568.93405042903
2566,162679.72762720851
2567,132376.22562812368
2568,203467.78723659043
2569,203760.04790042512
2570,120468.75077540071
2571,189868.46502137292
2572,187002.88971335086
2573,219043.80872237915
2574,259193.65316360618
2575,127636.40035649115
2576,121463.22180622604
2577,146902.12264905215
2578,83510.16273036836
2579,67962.0027636555
2580,138851.24934663615
2581,130589.92519603657
2582,123528.74008759906
2583,277328.1872449687
2584,149035.28299825033
2585,175965.48460615776
2586,203680.98871289476
2587,199834.42620702798
2588,160593.7717787229
2589,149037.1464394754
2590,211946.25173807956
2591,211486.3546923601
2592,204922.210436466
2593,241270.51979478158
2594,176144.1469262742
2595,204486.99329530462
2596,330198.9009577541
2597,173725.36971614073
2598,271877.87838841544
2599,299297.99395123776
2600,205401.63731765875
2601,151184.33664145303
2602,81100.08315477238
2603,98740.6814036668
2604,85738.65985702217
2605,68135.73733215893
2606,140849.73625283226
2607,176037.73757862014
2608,202167.92124089977
2609,164142.36897062644
2610,117175.34798753109
2611,130764.86067137546
2612,160760.84486728295
2613,132970.78644336137
2614,126150.28154654146
2615,152121.4055619729
2616,141715.49113609124
2617,194595.7738902642
2618,219692.74919467387
2619,196271.45220536427
2620,184151.29527197866
2621,180947.78645424824
2622,183232.31389231147
2623,250250.69440225308
2624,295938.6092230981
2625,291476.44329529075
2626,166278.352604973
2627,180376.80785756433
2628,475850.79521883203
2629,495822.2173369698
2630,374876.1051541838
2631,475968.52388303145
2632,454172.3887682197
2633,319559.37306693586
2634,389477.7652381786
2635,149905.4858954785
2636,177865.79273076294
2637,171067.6408298595
2638,254265.4468111956
2639,187080.00791225338
2640,151039.47767517786
2641,102445.1798181373
2642,192253.54011735375
2643,96935.5181436028
2644,127229.7998175197
2645,102314.6766132642
2646,93858.11481226138
2647,100401.30654598707
2648,143324.69523593795
2649,144101.45871165177
2650,153192.29784322748
2651,144685.75130861992
2652,421018.27334348526
2653,221741.2712446534
2654,230614.25728826728
2655,394431.90916818427
2656,316857.79104958556
2657,341084.8694955163
2658,278478.8814304899
2659,328686.38871798466
2660,329916.19551984675
2661,379454.5103475788
2662,366225.83249201655
2663,266972.0549431982
2664,267724.9797957217
2665,326685.40059239743
2666,286093.4340180399
2667,162534.81183449083
2668,173162.58561501736
2669,174340.64961894666
2670,292849.3097712088
2671,177810.88489760287
2672,183775.4010923424
2673,208861.36419003617
2674,207449.50188605
2675,167262.8880697914
2676,183760.0578257043
2677,193049.21515145508
2678,258964.57480166247
2679,282327.12220671686
2680,278560.91436039924
2681,472161.78743493004
2682,352673.3253025198
2683,552317.3619865598
2684,314951.12925018964
2685,350853.4162085999
2686,249177.22034564684
2687,338346.2920809092
2688,219012.57783799802
2689,213556.69944591017
2690,498449.58135046455
2691,181984.96614957653
2692,130203.31348844408
2693,193054.68253574206
2694,134631.7130510119
2695,188804.41145452013
2696,179916.7793700548
2697,182260.94470486062
2698,183286.62727799983
2699,169062.88243334694
2700,149629.33813093542
2701,136756.32726808864
2702,107361.11895006243
2703,123447.45305475936
2704,139251.38095236607
2705,121150.90471132434
2706,118769.60341799709
2707,127176.54924441873
2708,139577.12478194723
2709,108585.22920014785
2710,126683.61185626507
2711,311454.4966851528
2712,408881.5082453102
2713,169295.8857292683
2714,145895.57172398482
2715,166314.13220332513
2716,149674.63986217516
2717,186762.4098759353
2718,227699.7042361719
2719,155994.25251429784
2720,169479.4711550564
2721,137443.7087818176
2722,159766.18506685764
2723,146538.81619188815
2724,128586.08982916117
2725,135726.17571753563
2726,144248.76722008092
2727,173631.36171523237
2728,162895.09608932724
2729,149330.06327644887
2730,143528.34908533614
2731,133170.99940275017
2732,124410.405398743
2733,160027.45391205078
2734,148648.86651867945
2735,129662.64299821328
2736,136429.20060560416
2737,124939.04610801741
2738,131294.3754925332
2739,157020.23726796036
2740,137521.86124717043
2741,140337.13500932453
2742,139451.0784694984
2743,139976.27792933382
2744,152626.28028248672
2745,142391.82501149952
2746,143174.3300633187
2747,158776.12219150132
2748,127641.74413148964
2749,126730.2296836913
2750,140589.12843959036
2751,140845.52880678582
2752,215918.25456427792
2753,164865.4849386324
2754,228723.0589966913
2755,123574.1678632253
2756,101290.04816900597
2757,71229.94427137909
2758,68044.42950768015
2759,159432.58596019202
2760,124695.10685142866
2761,139720.61452665256
2762,139604.31277998933
2763,175485.00133213977
2764,155229.80780250946
2765,290807.3846527732
2766,137332.9045019153
2767,90716.68494003364
2768,133802.77954941356
2769,139128.35340769798
2770,146274.94772770285
2771,120093.81941018543
2772,120339.27089686412
2773,125140.70142821148
2774,136370.43193073495
2775,114109.90393484838
2776,136287.88046101292
2777,138112.8256863259
2778,114763.86126226532
2779,116801.55972335312
2780,88445.29772861808
2781,94644.8293551824
2782,81473.94546015764
2783,99265.7139425417
2784,125129.88647597218
2785,130256.90734796567
2786,77415.56656495527
2787,124604.67588029479
2788,70741.661686161
2789,203064.90263373946
2790,84303.4875139815
2791,110304.82807446047
2792,55981.18082309437
2793,173789.0855563116
2794,100753.02281352725
2795,117694.76559914203
2796,101513.51799368064
2797,201063.81982282188
2798,111966.98404058712
2799,109735.03290375977
2800,60285.946461275125
2801,110213.05859390271
2802,137734.8369018665
2803,172743.99655545966
2804,139669.65358916193
2805,99337.093806326
2806,75529.55382841699
2807,168410.50764935825
2808,156867.89614834735
2809,138173.99620568965
2810,135195.36231839826
2811,159056.0826294229
2812,143685.7939259148
2813,138082.0869669111
2814,148896.8208524838
2815,100476.41146219612
2816,229457.89163497684
2817,151488.81954459782
2818,132121.15217537974
2819,158472.9577811273
2820,136466.7881744381
2821,96171.00045866666
2822,202308.84248701364
2823,260930.61123937744
2824,179664.65253035494
2825,162155.42594894464
2826,133139.18999465276
2827,141813.08617225927
2828,204396.79793493176
2829,184308.03776628006
2830,225511.67934663134
2831,178979.70713021324
2832,237938.0254230842
2833,286036.1632614238
2834,214382.41227413135
2835,207659.58960529315
2836,186170.3223056803
2837,164744.5050219737
2838,152471.00071617018
2839,176247.20757851264
2840,200364.62463237406
2841,201791.03089953907
2842,217489.79370105488
2843,145235.92122449455
2844,150109.39856816173
2845,119749.58573224039
2846,207595.01211864644
2847,200517.85523838093
2848,225492.93837306774
2849,197833.82820864307
2850,291209.1289197686
2851,227574.37423287737
2852,242556.94935073817
2853,238592.13494829927
2854,140404.42178296932
2855,201492.1123869114
2856,200052.60830758326
2857,185411.18603460502
2858,204619.4193560569
2859,123992.81063308934
2860,121112.35170390322
2861,128390.11800443464
2862,191249.3490129367
2863,130250.44182856214
2864,240447.0441599742
2865,135384.11687877474
2866,143387.68599662933
2867,98276.99612385198
2868,90935.63608043513
2869,97161.43514262335
2870,124045.21497148063
2871,88230.33511771318
2872,43772.508919875414
2873,103426.34767795583
2874,136372.99639362548
2875,107278.32709574254
2876,162305.34983509968
2877,134540.7500400632
2878,184610.87330461797
2879,134913.9720217994
2880,96534.66364160524
2881,153496.91218103614
2882,172396.09244548832
2883,194102.7976434391
2884,200142.15487816604
2885,194264.83229254672
2886,214647.7425335311
2887,95446.97670788484
2888,125272.68567572127
2889,45261.55159499475
2890,81511.02517007718
2891,137386.7605466297
2892,59966.48810303194
2893,94773.99196967756
2894,47924.72170469821
2895,305926.7992546806
2896,274739.92252687516
2897,203405.67518381093
2898,146213.7110702186
2899,213719.1622253355
2900,159611.7150014005
2901,223230.685504072
2902,189489.9263755625
2903,333939.6616582632
2904,376234.0894161832
2905,92467.53529553459
2906,208101.89037306816
2907,105495.72510835044
2908,136988.23986287072
2909,144863.2274814911
2910,84309.57338074339
2911,79990.77643582888
2912,136944.37468460682
2913,74886.47583639754
2914,72461.616613182
2915,78575.54858026555
2916,71075.07795083553
2917,172741.70803106454
2918,121512.40743465199
2919,240337.8631688853
